A={{-1,-0.998029,-0.916738,-0.646715,-0.270796,-0.817339,-0.815405,-0.0255656,0.0535006,-0.0911332},{-0.533643,0.662584,0.863463,0.136119,0.112189,-0.898336,0.534102,-0.96217,-0.49528,-0.403606},{0.751962,0.0631137,0.840522,0.0308623,0.620859,-0.623159,0.772629,0.141228,-0.846451,0.630548},{0.969782,-0.763297,0.787812,0.568967,-0.798167,-0.493379,-0.960317,-0.243245,0.357755,0.361846},{0.505413,-0.987541,0.248813,-0.747075,0.2351,0.541857,-0.626928,-0.0065566,0.0190008,-0.368122},{0.403405,-0.265507,0.752625,-0.258011,0.0505048,-0.144331,0.0854864,0.335957,-0.657716,0.661558},{0.723811,0.538442,-0.894841,0.933459,-0.331432,-0.835807,-0.459371,-0.851475,0.352452,0.620317},{-0.0715775,0.13837,0.024406,0.173021,0.477517,0.743378,0.155935,0.929407,-0.332941,-0.214344},{-0.646145,-0.776262,0.705362,0.622344,0.909775,0.808566,-0.722169,0.372375,-0.746025,-0.99182},{-0.998994,-0.614096,0.17356,-0.250082,-0.946428,-0.0704694,0.570686,-0.11553,-0.424192,0.706706}};
B={{0.0519439,0.456833,-0.467371,0.566968,-0.0639116,-0.606005,-0.105646,0.45688,0.932186,0.513682},{-0.0678862,0.737933,-0.731921,0.692105,-0.963825,0.88171,0.340164,0.599943,-0.713566,0.220921},{0.816565,0.548829,-0.267871,0.888576,0.769643,-0.109658,-0.673943,-0.150365,-0.0402922,-0.937743},{0.21686,0.584522,-0.635006,0.0502426,0.797518,-0.38242,0.885252,-0.223951,0.861025,0.822768},{-0.324563,0.0656246,0.404155,0.942021,0.53617,0.503883,-0.818272,0.707933,-0.650711,-0.960459},{-0.161893,-0.40726,-0.243535,-0.162567,-0.723104,-0.238307,-0.40044,-0.957976,-0.522395,-0.925781},{-0.557882,0.0508691,-0.0109496,0.765044,0.54766,-0.881995,-0.760397,0.0956025,-0.316169,-0.0863762},{0.176243,0.1703,-0.860146,0.637863,-0.193679,0.170966,-0.617678,0.784554,-0.647336,-0.584593},{-0.768504,-0.682171,0.985288,0.363142,0.623592,0.28443,-0.341315,0.475107,0.646965,0.442522},{0.315965,-0.282451,0.22073,-0.169993,0.629908,0.547931,-0.451378,-0.910516,0.202082,0.0281822}};
C={{0,0,0,0,0,0,0,0,0,0},{0,0,0,0,0,0,0,0,0,0},{0,0,0,0,0,0,0,0,0,0},{0,0,0,0,0,0,0,0,0,0},{0,0,0,0,0,0,0,0,0,0},{0,0,0,0,0,0,0,0,0,0},{0,0,0,0,0,0,0,0,0,0},{0,0,0,0,0,0,0,0,0,0},{0,0,0,0,0,0,0,0,0,0},{0,0,0,0,0,0,0,0,0,0}};
